A_id,B_id
1569,67
5314,207
5844,935
5852,389
1238,540
1607,421
1017,1303
1326,1769
1219,293
1008,1941
1422,481
1035,333
1046,549
1020,163
1033,1695
1234,485
1072,1310
106,2288
1650,1249
1255,850
1381,2042
1057,869
149,1994
1627,772
428,929
274,244
1181,1948
3353,1692
462,1844
1249,58
1019,754
1335,1604
3066,225
144,2385
11,2014
1765,597
36,2388
2743,2618
3152,1710
413,506
1107,195
3494,1095
4604,2742
3249,228
1090,595
1048,1308
1063,223
1058,1105
1025,1941
1096,2242
1095,304
1068,2615
1091,2290
1004,2769
1020,321
1090,1257
1015,50
1073,34
1070,2727
107,249
1070,1786
1083,146
1012,1815
107,695
1962,250
1791,290
5834,200
177,2392
27,1582
228,739
3665,992
253,1714
35,2227
1639,1092
116,2274
405,793
698,643
3,995
15,929
2113,1609
65,1964
2008,1053
3256,165
3461,250
1037,340
2308,965
2207,910
1682,1515
2661,109
2661,209
1059,868
7124,704
1214,248
3208,2131
264,1963
1277,1080
1830,534
2383,785
2777,669
1228,399
2429,2004
588,109
953,1463
7164,2719
1528,670
860,401
7094,276
1852,981
278,2083
7116,418
1298,1606
3488,579
5367,2206
5823,375
537,480
387,298
1037,893
6838,1646
2050,495
1175,1241
1027,2344
3111,355
1263,688
2220,787
1106,427
6079,2382
1254,493
1878,1994
143,2388
3,1560
125,2655
135,1117
1244,507
21,1317
4027,1543
313,1625
1745,1270
7108,735
1584,165
16,187
16,1560
1482,526
1580,1391
1831,719
6616,671
3933,213
4630,810
36,1819
3488,237
5677,1421
2853,1457
759,1136
2197,731
7115,2832
1533,1124
4642,213
195,159
5669,2055
538,423
5697,466
1232,426
422,1347
1568,1995
7005,1809
6642,319
656,338
3429,2818
2709,260
1306,291
99,739
385,389
2128,968
1604,2974
4957,2718
3643,660
1208,121
3273,487
201,249
236,1354
323,2266
1692,1402
2216,984
2182,478
3249,246
2399,565
2263,1989
5974,930
6783,1855
1070,1228
4538,926
5116,363
289,1994
3745,175
2055,185
3500,1111
3876,165
1804,461
6973,1955
6933,144
6156,1970
5992,583
5894,416
614,286
5809,1966
206,277
1968,285
4180,635
341,1590
1655,180
551,755
3145,1506
1664,1663
688,298
6734,1166
2568,398
2204,799
7271,49
1227,367
2732,109
2156,109
4049,109
1066,877
3279,895
627,1930
831,275
6635,1319
1264,2653
5909,2906
10,614
1442,1357
57,258
11,914
904,1550
851,812
1212,248
2958,1199
7216,2015
18,2429
2387,907
1050,652
1212,304
3721,205
6059,1693
12,1174
522,593
264,2113
4394,282
2346,285
190,1503
24,1117
459,1227
7339,2967
6340,561
6609,2916
2220,1146
674,1161
4602,1183
2036,877
5790,578
4024,529
5746,757
789,343
3389,472
644,1704
2338,1103
223,592
3590,1108
1745,1720
2909,1974
2560,431
15,1408
223,2014
2661,1609
1248,2318
3547,1076
2870,1463
177,2301
3145,1974
4752,1175
2276,2141
1032,253
1401,182
2129,2190
1510,1436
2509,752
285,1708
2700,109
167,632
450,632
1031,1726
1744,228
278,2113
42,2365
25,632
468,285
1421,893
6052,2163
2041,676
198,2839
1952,218
61,2083
4117,632
435,1461
6902,1518
866,715
1250,642
6777,1917
3557,1102
642,2792
248,2090
6951,118
117,1690
7123,2814
198,247
614,793
105,457
629,1005
1069,2198
117,1349
5883,234
2334,463
405,506
1116,839
0,1929
2990,2509
5883,328
416,1136
5811,990
6664,643
669,2200
200,1340
423,1315
962,2068
3378,453
6206,699
205,995
5120,938
1347,1721
6123,1307
53,2388
6353,938
387,402
2326,1740
6025,405
1626,2868
832,206
3531,1369
210,422
2348,282
6643,694
1426,723
5915,591
1640,1078
243,1599
231,1215
1182,1967
1302,564
5987,320
1,1416
230,1416
840,262
1792,282
6224,958
128,2408
6139,418
1215,1695
1259,76
563,115
1003,2391
4160,415
861,833
124,109
74,2302
1072,413
6057,1559
5873,123
6616,720
1015,2197
846,401
4529,2703
387,419
1306,2112
6905,1771
23,2621
6570,509
842,992
2626,1450
7198,2378
71,2215
10,96
6893,2354
713,1105
2943,892
1680,113
108,1616
1002,2619
743,1709
1136,2769
1,2253
6060,1743
613,1839
533,292
3599,208
1082,858
186,144
6360,1077
61,2113
2053,2988
51,2922
1459,804
1260,1726
164,638
195,142
2385,224
1236,456
676,798
250,1486
6020,1789
5759,383
1071,918
1952,2403
646,256
3568,860
5932,1422
1189,434
1562,205
1003,1563
2700,1609
2709,29
930,336
195,423
201,2731
295,688
1061,624
5942,308
1593,241
3500,138
147,1916
1402,472
366,2764
1421,493
1405,320
2879,522
7025,702
16,405
53,1819
7296,249
4103,2354
7320,2577
1010,1924
64,2156
983,2230
1125,228
690,431
761,1881
1855,1013
6992,1843
1363,912
4183,1022
1176,660
6783,2565
3886,1599
1405,405
1205,2417
1037,493
546,651
2760,763
2318,673
433,1449
5249,670
59,2723
1235,529
1221,2010
123,1912
212,609
1384,1694
1048,634
586,1242
2851,388
1228,286
6976,753
688,402
586,2344
7185,1044
4480,2347
7113,210
691,454
1135,2423
763,1599
2203,870
4938,499
976,284
788,282
10,2163
3595,370
1609,183
980,1703
2684,1341
118,2885
2582,812
1192,1077
1185,1179
4,419
1031,147
2392,749
2129,1608
3319,1930
1579,1145
5244,970
1848,1546
6997,841
563,2431
2733,2097
27,1978
260,668
5229,1252
4458,609
478,1844
5696,356
715,2394
7067,388
2341,282
5770,1092
202,233
