id1,id2,matching_probability
10,614,1.0
1008,1941,0.9
1010,1924,1.0
1017,1303,1.0
1020,163,1.0
1035,333,1.0
1046,549,1.0
1048,634,1.0
1050,652,1.0
1057,869,1.0
106,2288,1.0
1070,1228,1.0
1072,1310,1.0
116,2274,1.0
1181,1948,1.0
1182,1967,1.0
1205,2417,1.0
1214,248,1.0
1219,293,1.0
1227,367,1.0
1228,399,1.0
1234,485,1.0
1235,529,1.0
1238,540,1.0
1255,850,1.0
128,2408,1.0
1298,1606,1.0
1326,1769,1.0
1381,2042,1.0
1384,1694,0.9
1421,493,1.0
1422,481,1.0
143,2388,1.0
144,2385,1.0
15,929,1.0
1568,1995,1.0
1584,165,1.0
1607,421,1.0
1627,772,1.0
1639,1092,1.0
1640,1078,1.0
1650,1249,1.0
1682,1515,1.0
177,2392,1.0
1804,461,1.0
1831,719,1.0
195,159,1.0
1962,250,1.0
2008,1053,1.0
201,249,1.0
206,277,1.0
212,609,1.0
2128,968,0.9
2197,731,1.0
2203,870,1.0
2207,910,1.0
2216,984,0.933333333333
2263,1989,1.0
2276,2141,1.0
231,1215,1.0
2318,673,1.0
236,1354,1.0
2383,785,0.9
2387,907,1.0
2399,565,0.8
243,1599,1.0
2509,752,1.0
253,1714,1.0
2582,812,1.0
264,1963,1.0
2684,1341,1.0
27,1582,1.0
2760,763,1.0
278,2083,0.9
2853,1457,1.0
2943,892,1.0
2958,1199,1.0
3066,225,1.0
323,2266,1.0
3279,895,1.0
3494,1095,1.0
3500,1111,1.0
3568,860,1.0
3599,208,1.0
36,1819,1.0
3665,992,1.0
3745,175,1.0
387,402,1.0
405,793,0.92
416,1136,1.0
4183,1022,0.8
422,1347,1.0
423,1315,1.0
433,1449,1.0
435,1461,1.0
4602,1183,0.8
462,1844,1.0
4752,1175,1.0
5249,670,1.0
533,292,0.966666666667
538,423,1.0
546,651,1.0
5669,2055,1.0
5677,1421,1.0
5697,466,1.0
5746,757,1.0
5759,383,1.0
5790,578,1.0
5809,1966,1.0
5823,375,1.0
5834,200,0.733333333333
5844,935,1.0
5852,389,1.0
5883,328,1.0
5894,416,1.0
5974,930,1.0
5987,320,1.0
5992,583,1.0
6025,405,1.0
6060,1743,0.9
61,2113,1.0
613,1839,1.0
6206,699,1.0
6224,958,1.0
627,1930,1.0
6340,561,1.0
6353,938,1.0
6360,1077,0.9
64,2156,1.0
6570,509,0.933333333333
6616,671,1.0
6635,1319,1.0
6642,319,1.0
6643,694,1.0
669,2200,0.9
6734,1166,1.0
674,1161,1.0
6777,1917,1.0
6783,1855,1.0
6838,1646,0.566666666667
690,431,1.0
6902,1518,0.933333333333
6905,1771,0.9
691,454,1.0
6933,144,1.0
6976,753,1.0
698,643,1.0
6992,1843,1.0
7005,1809,1.0
71,2215,0.9
713,1105,1.0
7164,2719,1.0
7320,2577,1.0
74,2302,1.0
743,1709,1.0
761,1881,0.9
832,206,1.0
861,833,1.0
962,2068,1.0
